{
 "cells": [
  {
   "cell_type": "code",
   "execution_count": null,
   "id": "3d7c562a",
   "metadata": {},
   "outputs": [
    {
     "name": "stdout",
     "output_type": "stream",
     "text": [
      "5.0\n"
     ]
    }
   ],
   "source": [
    "# 유클리드 거리\n",
    "\n",
    "import math\n",
    "\n",
    "p = [1, 2]\n",
    "q = [4, 6]\n",
    "\n",
    "distance = math.dist(p, q)\n",
    "print(distance)   # 출력: 5.0"
   ]
  },
  {
   "cell_type": "code",
   "execution_count": 9,
   "id": "6b324298",
   "metadata": {},
   "outputs": [
    {
     "name": "stdout",
     "output_type": "stream",
     "text": [
      "7\n"
     ]
    }
   ],
   "source": [
    "# 맨해튼 거리\n",
    "\n",
    "p = [1, 2]\n",
    "q = [4, 6]\n",
    "\n",
    "manhattan = sum(abs(pi - qi) for pi, qi in zip(p, q))\n",
    "print(manhattan)   # 출력: 7"
   ]
  },
  {
   "cell_type": "code",
   "execution_count": null,
   "id": "8a93190a",
   "metadata": {},
   "outputs": [
    {
     "name": "stdout",
     "output_type": "stream",
     "text": [
      "1.0\n"
     ]
    }
   ],
   "source": [
    "# 코사인 유사도\n",
    "\n",
    "import numpy as np\n",
    "\n",
    "p = np.array([1, 2])\n",
    "q = np.array([4, 8])\n",
    "\n",
    "cos_sim = np.dot(p, q) / (np.linalg.norm(p) * np.linalg.norm(q))\n",
    "print(round(cos_sim, 3))   # 출력: 0.983"
   ]
  },
  {
   "cell_type": "code",
   "execution_count": 12,
   "id": "a8a0345a",
   "metadata": {},
   "outputs": [
    {
     "name": "stdout",
     "output_type": "stream",
     "text": [
      "2.0\n"
     ]
    }
   ],
   "source": [
    "# 마할라노비스 거리\n",
    "\n",
    "import numpy as np\n",
    "from scipy.spatial.distance import mahalanobis\n",
    "\n",
    "# 샘플 데이터(공분산 계산용)\n",
    "data = np.array([\n",
    "    [1, 2],\n",
    "    [2, 2],\n",
    "    [3, 4]\n",
    "])\n",
    "\n",
    "p = np.array([1, 2])\n",
    "q = np.array([3, 4])\n",
    "\n",
    "cov = np.cov(data.T)               # 공분산 행렬\n",
    "inv_cov = np.linalg.inv(cov)       # 공분산 역행렬\n",
    "\n",
    "dist = mahalanobis(p, q, inv_cov)\n",
    "print(round(dist, 3))  # 예: 2.0"
   ]
  },
  {
   "cell_type": "code",
   "execution_count": null,
   "id": "3d0dcc9e",
   "metadata": {},
   "outputs": [
    {
     "name": "stdout",
     "output_type": "stream",
     "text": [
      "0.924\n"
     ]
    }
   ],
   "source": [
    "# 로지스틱 회귀\n",
    "\n",
    "import numpy as np\n",
    "\n",
    "theta = np.array([0.5, 1.0])   # 가중치\n",
    "x = np.array([1, 2])           # 입력 데이터\n",
    "\n",
    "z = theta @ x                  # 선형 조합 (θ^T x)\n",
    "sigmoid = 1 / (1 + np.exp(-z)) # 시그모이드 함수\n",
    "\n",
    "print(round(sigmoid, 3))       # 예: 0.924\n",
    "\n",
    "# 선형 조합 결과(z)가 클수록 시그모이드 값은 1에 가까워져 → 클래스 1일 확률이 높다는 의미이다."
   ]
  },
  {
   "cell_type": "code",
   "execution_count": 15,
   "id": "3aaf3045",
   "metadata": {},
   "outputs": [
    {
     "data": {
      "text/plain": [
       "array([0.549834  , 0.68997448, 0.81757448])"
      ]
     },
     "execution_count": 15,
     "metadata": {},
     "output_type": "execute_result"
    }
   ],
   "source": [
    "# 이진 분류기 훈련\n",
    "\n",
    "import numpy as np\n",
    "\n",
    "# 간단한 데이터 (x: 특성, y: 레이블)\n",
    "x = np.array([0.2, 0.8, 1.5])                     # 입력 특성 값들\n",
    "y = np.array([0, 1, 1])                           # 실제 정답 레이블 (0/1)\n",
    "\n",
    "theta = 1.0                                       # 임의의 가중치값 θ\n",
    "z = theta * x                                     # 선형 결합 z = θx\n",
    "h = 1 / (1 + np.exp(-z))                          # 시그모이드 함수 → 예측 확률 h(x)\n",
    "\n",
    "h"
   ]
  },
  {
   "cell_type": "code",
   "execution_count": 16,
   "id": "7eb3387b",
   "metadata": {},
   "outputs": [
    {
     "name": "stdout",
     "output_type": "stream",
     "text": [
      "0.457\n"
     ]
    }
   ],
   "source": [
    "\n",
    "# Log Loss 계산\n",
    "log_loss = -np.mean(y*np.log(h) + (1-y)*np.log(1-h))   # 로지스틱 회귀의 비용 함수(Log Loss)\n",
    "print(round(log_loss, 3))              # 예: 0.391       # 계산된 손실값 출력\n"
   ]
  },
  {
   "cell_type": "code",
   "execution_count": 17,
   "id": "64c1978a",
   "metadata": {},
   "outputs": [
    {
     "name": "stdout",
     "output_type": "stream",
     "text": [
      "[1 1 1]\n"
     ]
    }
   ],
   "source": [
    "\n",
    "# 예측 (threshold=0.5)\n",
    "pred = (h >= 0.5).astype(int)                      # 0.5 이상이면 1, 아니면 0으로 분류\n",
    "print(pred)                             # 예: [0 1 1]    # 최종 예측 결과\n",
    "\n"
   ]
  },
  {
   "cell_type": "code",
   "execution_count": 18,
   "id": "d310965c",
   "metadata": {},
   "outputs": [
    {
     "name": "stdout",
     "output_type": "stream",
     "text": [
      "[0.659 0.242 0.099]\n"
     ]
    }
   ],
   "source": [
    "# 다중 분류\n",
    "\n",
    "import numpy as np\n",
    "\n",
    "# 클래스 3개에 대한 점수(θᵀx 값)\n",
    "scores = np.array([2.0, 1.0, 0.1])\n",
    "\n",
    "# 소프트맥스 함수\n",
    "exp_scores = np.exp(scores)  # exp : 지수변환 함수\n",
    "softmax = exp_scores / np.sum(exp_scores)\n",
    "\n",
    "print(np.round(softmax, 3))   # 예: [0.659 0.242 0.099]"
   ]
  },
  {
   "cell_type": "code",
   "execution_count": 19,
   "id": "b995b38c",
   "metadata": {},
   "outputs": [
    {
     "name": "stdout",
     "output_type": "stream",
     "text": [
      "[0.721 0.56  0.796]\n"
     ]
    }
   ],
   "source": [
    "# 다중 레이블 분류\n",
    "\n",
    "import numpy as np\n",
    "\n",
    "# 입력 벡터\n",
    "x = np.array([1.2, 0.5])\n",
    "\n",
    "# 각 레이블별 가중치 (3개의 레이블: 액션, 코미디, 드라마)\n",
    "theta = np.array([\n",
    "    [1.0, -0.5],   # 액션\n",
    "    [-0.3, 1.2],   # 코미디\n",
    "    [0.8, 0.8]     # 드라마\n",
    "])\n",
    "\n",
    "# 레이블별 선형 조합 + 시그모이드\n",
    "z = theta @ x\n",
    "sigmoid = 1 / (1 + np.exp(-z))\n",
    "\n",
    "print(np.round(sigmoid, 3))   # 예: [0.777 0.622 0.845]"
   ]
  },
  {
   "cell_type": "code",
   "execution_count": 21,
   "id": "6697d0d1",
   "metadata": {},
   "outputs": [
    {
     "name": "stdout",
     "output_type": "stream",
     "text": [
      "질병 확률: 0.69\n",
      "중증도 확률: [0.371 0.336 0.118 0.175]\n"
     ]
    }
   ],
   "source": [
    "# 다중 출력 분류\n",
    "\n",
    "import numpy as np\n",
    "\n",
    "x = np.array([1.0, 0.5])   # 입력 특징\n",
    "\n",
    "# 출력 1: 질병 유무 (이진 분류 → 시그모이드)\n",
    "theta_disease = np.array([1.2, -0.8])\n",
    "z1 = theta_disease @ x\n",
    "disease_prob = 1 / (1 + np.exp(-z1))\n",
    "\n",
    "# 출력 2: 중증도 (4개 클래스 → 소프트맥스)\n",
    "theta_severity = np.array([\n",
    "    [0.5, 1.0],\n",
    "    [1.0, -0.2],\n",
    "    [-0.5, 0.7],\n",
    "    [0.2, 0.1]\n",
    "])\n",
    "z2 = theta_severity @ x\n",
    "exp_scores = np.exp(z2)\n",
    "severity_prob = exp_scores / np.sum(exp_scores)\n",
    "\n",
    "print(\"질병 확률:\", round(disease_prob, 3))\n",
    "print(\"중증도 확률:\", np.round(severity_prob, 3))"
   ]
  },
  {
   "cell_type": "markdown",
   "id": "6a0035ac",
   "metadata": {},
   "source": [
    "## 모델 성능 측정"
   ]
  },
  {
   "cell_type": "code",
   "execution_count": 23,
   "id": "4f12eacf",
   "metadata": {},
   "outputs": [
    {
     "name": "stdout",
     "output_type": "stream",
     "text": [
      "Accuracy: 0.8\n"
     ]
    }
   ],
   "source": [
    "# 정확도\n",
    "\n",
    "import numpy as np\n",
    "\n",
    "y_true = np.array([1, 0, 1, 1, 0])   # 실제값\n",
    "y_pred = np.array([1, 0, 0, 1, 0])   # 예측값\n",
    "\n",
    "TP = np.sum((y_true == 1) & (y_pred == 1))\n",
    "TN = np.sum((y_true == 0) & (y_pred == 0))\n",
    "FP = np.sum((y_true == 0) & (y_pred == 1))\n",
    "FN = np.sum((y_true == 1) & (y_pred == 0))\n",
    "\n",
    "accuracy = (TP + TN) / len(y_true)\n",
    "print(\"Accuracy:\", round(accuracy, 3))   # 예: 0.8"
   ]
  },
  {
   "cell_type": "code",
   "execution_count": 24,
   "id": "65e28866",
   "metadata": {},
   "outputs": [
    {
     "name": "stdout",
     "output_type": "stream",
     "text": [
      "TP=2, FP=1, FN=1, TN=1\n"
     ]
    }
   ],
   "source": [
    "import numpy as np\n",
    "\n",
    "y_true = np.array([1, 0, 1, 1, 0])\n",
    "y_pred = np.array([1, 1, 0, 1, 0])\n",
    "\n",
    "# Confusion Matrix 요소 계산\n",
    "TP = np.sum((y_true == 1) & (y_pred == 1))\n",
    "TN = np.sum((y_true == 0) & (y_pred == 0))\n",
    "FP = np.sum((y_true == 0) & (y_pred == 1))\n",
    "FN = np.sum((y_true == 1) & (y_pred == 0))\n",
    "\n",
    "print(f\"TP={TP}, FP={FP}, FN={FN}, TN={TN}\")"
   ]
  },
  {
   "cell_type": "code",
   "execution_count": null,
   "id": "f1fea3c7",
   "metadata": {},
   "outputs": [
    {
     "name": "stdout",
     "output_type": "stream",
     "text": [
      "[[4.09968623e-03 8.12343852e-01 1.83556462e-01]\n",
      " [9.41955389e-01 5.80440306e-02 5.80205260e-07]\n",
      " [1.58411470e-08 2.09129590e-03 9.97908688e-01]\n",
      " [6.82490236e-03 7.73251430e-01 2.19923668e-01]\n",
      " [1.59400574e-03 7.51206007e-01 2.47199987e-01]\n",
      " [9.50040941e-01 4.99586002e-02 4.58820974e-07]\n",
      " [7.78025396e-02 9.04144994e-01 1.80524667e-02]\n",
      " [1.79836046e-04 1.47357798e-01 8.52462366e-01]\n",
      " [2.42255801e-03 7.80452547e-01 2.17124895e-01]\n",
      " [2.89983279e-02 9.40818577e-01 3.01830947e-02]\n",
      " [4.73570209e-04 2.25282341e-01 7.74244089e-01]\n",
      " [9.62693695e-01 3.73061213e-02 1.84138612e-07]\n",
      " [9.69162372e-01 3.08375314e-02 9.66512885e-08]\n",
      " [9.56006743e-01 4.39929912e-02 2.65383588e-07]\n",
      " [9.76521682e-01 2.34781282e-02 1.89459317e-07]\n",
      " [4.76686935e-03 6.63398727e-01 3.31834404e-01]\n",
      " [9.67227120e-06 2.67217846e-02 9.73268543e-01]\n",
      " [2.76880736e-02 9.45164479e-01 2.71474471e-02]\n",
      " [8.70364523e-03 8.20159546e-01 1.71136808e-01]\n",
      " [1.93849680e-05 4.14384274e-02 9.58542188e-01]\n",
      " [9.58706153e-01 4.12933936e-02 4.53338016e-07]\n",
      " [1.43040642e-03 3.86686186e-01 6.11883408e-01]\n",
      " [9.56268841e-01 4.37305122e-02 6.46631665e-07]\n",
      " [2.49482959e-05 5.20894964e-02 9.47885555e-01]\n",
      " [1.75966688e-06 2.03683715e-02 9.79629869e-01]\n",
      " [1.09767617e-04 1.05450705e-01 8.94439527e-01]\n",
      " [1.25230489e-05 6.98142735e-02 9.30173203e-01]\n",
      " [5.51877641e-06 1.94870574e-02 9.80507424e-01]\n",
      " [9.60964427e-01 3.90352612e-02 3.11333818e-07]\n",
      " [9.49468726e-01 5.05307412e-02 5.32555518e-07]\n",
      " [9.93198822e-01 6.80116256e-03 1.52784213e-08]\n",
      " [9.80688644e-01 1.93112217e-02 1.34389903e-07]\n",
      " [6.90526954e-03 8.90002222e-01 1.03092508e-01]\n",
      " [9.64649459e-01 3.53501813e-02 3.59480158e-07]\n",
      " [9.82596830e-01 1.74030688e-02 1.00986671e-07]\n",
      " [3.77085315e-04 2.85211071e-01 7.14411844e-01]\n",
      " [7.34557733e-03 8.12169359e-01 1.80485064e-01]\n",
      " [9.64124043e-01 3.58757333e-02 2.23907865e-07]\n",
      " [9.78095996e-01 2.19038884e-02 1.15138617e-07]\n",
      " [9.83059931e-01 1.69399918e-02 7.74332797e-08]\n",
      " [4.12802580e-04 1.94047571e-01 8.05539627e-01]\n",
      " [1.18346969e-02 7.37092841e-01 2.51072463e-01]\n",
      " [3.04246933e-03 7.51663059e-01 2.45294472e-01]\n",
      " [9.81752133e-01 1.82477741e-02 9.28856834e-08]\n",
      " [9.66610409e-01 3.33894077e-02 1.83109693e-07]]\n"
     ]
    }
   ],
   "source": [
    "from sklearn.linear_model import LogisticRegression\n",
    "from sklearn.datasets import load_iris\n",
    "from sklearn.model_selection import train_test_split\n",
    "\n",
    "# 데이터 로드 및 분리\n",
    "iris = load_iris()\n",
    "X_train, X_test, y_train, y_test = train_test_split(iris.data, iris.target, test_size=0.3, random_state=42)\n",
    "\n",
    "# 모델 학습\n",
    "model = LogisticRegression()\n",
    "model.fit(X_train, y_train)\n",
    "\n",
    "# 예측 확률 확인\n",
    "proba = model.predict_proba(X_test)\n",
    "print(proba)"
   ]
  },
  {
   "cell_type": "code",
   "execution_count": null,
   "id": "843054a2",
   "metadata": {},
   "outputs": [],
   "source": []
  }
 ],
 "metadata": {
  "kernelspec": {
   "display_name": "ml_venv (3.12.10)",
   "language": "python",
   "name": "python3"
  },
  "language_info": {
   "codemirror_mode": {
    "name": "ipython",
    "version": 3
   },
   "file_extension": ".py",
   "mimetype": "text/x-python",
   "name": "python",
   "nbconvert_exporter": "python",
   "pygments_lexer": "ipython3",
   "version": "3.12.10"
  }
 },
 "nbformat": 4,
 "nbformat_minor": 5
}
